104.889664
97.082108
96.526207
98.858307
101.524963
89.074242
106.247337
104.739082
98.534279
105.671379
97.427254
111.644829
96.443649
100.617851
104.644638
98.415176
97.527092
110.276527
92.163528
99.264977
104.751930
104.760681
105.253685
95.322937
106.016670
96.684929
103.822395
108.745667
100.210091
100.504768
106.777649
94.070450
93.995789
85.813492
100.232620
100.106934
104.889938
110.632805
103.787170
102.984283
99.079430
95.107079
89.834259
98.690987
111.666115
102.736839
105.742897
92.305542
93.929092
97.625427
105.133209
105.393860
106.594070
105.163544
103.241859
101.592804
100.055916
111.090439
101.120354
105.856987
95.651176
98.247696
99.470985
104.136986
96.674660
97.817291
103.064857
108.532455
106.058403
111.473160
103.851669
101.914574
92.813515
101.470886
102.973892
98.186592
95.768402
103.288872
96.141594
96.446556
103.079048
100.546150
97.053207
102.494728
99.295715
103.333107
101.518929
94.638405
99.696182
97.501328
106.766518
96.596397
106.649948
94.434418
111.073448
92.528206
96.931038
97.048439
106.546562
95.167732
98.461739
99.503639
95.808624
103.230782
100.613396
98.083038
106.772964
101.676476
93.014137
99.609138
105.531937
100.344200
108.857559
105.515099
94.754318
104.721619
100.027390
104.483536
105.688332
97.651344
101.075714
99.384598
99.093452
96.236626
96.039780
102.483589
101.934860
94.872375
98.606323
105.440781
103.556572
95.837830
99.344505
99.856247
109.689102
98.806961
98.649536
103.374908
97.015602
98.078804
110.127815
106.184753
93.762260
99.706841
99.911949
102.754105
107.029221
102.773651
94.562485
101.469315
101.076080
98.155190
108.130684
93.468536
107.801247
100.897606
99.198875
98.035049
98.397232
106.468842
92.350960
105.458351
99.597954
102.036034
101.239403
105.360497
102.980293
106.117500
104.884392
102.907715
105.921021
98.017090
105.512505
104.558517
107.541397
109.068321
106.035004
105.733864
107.779099
112.381134
105.499237
101.858459
96.383728
103.424995
96.375359
109.276192
97.625435
93.631805
111.505539
95.860306
103.706528
95.359901
102.594559
102.176010
54.705933
55.482754
54.654106
45.895905
59.063866
51.969086
